0 2.031 
1 3.629 
2 3.761 
3 4.347 
4 28.833
5 8.441 
6 2.607 
7 2.751 
8 3.515 
9 2.656 
10 3.120 
11 2.441 
12 2.631 
13 3.285 
14 3.064 
15 3.025 
16 2.547 
17 4.220 
18 7.445 
19 3.031 
20 2.875 
21 2.001 
22 2.931 
23 7.956 
24 17.408 
25 27.916 
26 15.054 
27 3.445 
28 13.935
29 10.066
30 7.643 
31 6.720 
32 2.583 
33 8.430 
34 7.337 
35 2.645 
36 11.293
37 9.596 
38 6.903 
39 4.156 
40 5.149 
41 11.636
42 13.607
43 22.164
44 5.864 
45 2.430 
46 3.547 
47 10.401
48 7.458 
49 2.455 
50 2.337 
51 2.724 
52 3.354 
53 2.960 
54 9.056 
55 9.888 
56 7.064 
57 3.216 
58 3.445 
59 5.393 
60 10.989
61 7.665 
62 4.583 
63 8.591 
64 3.542 
65 3.402 
66 10.221
67 46.572
68 6.799 
69 21.600
70 42.997
71 4.810 
72 8.667 
73 2.557 
74 10.005
75 9.888 
76 7.095 
77 2.878 
78 3.548 
79 2.761 
80 9.703 
81 9.343 
82 8.996 
83 7.534 
84 7.661 
85 17.876
86 2.872 
87 6.693 
88 2.952 
89 9.481 
90 54.892
91 4.033 
92 2.494 
93 9.557 
94 7.235 
95 7.348 
96 3.199 
97 11.594
98 9.293 
99 22.600
